train risk: 
920.002099
338.760136
269.131057
221.864859
212.354741
206.814203
203.094859
197.748302
197.147731
193.345781
189.950435
188.857235
186.139730
184.737476
182.511975
180.617942
179.936932
178.717740
177.549679
177.641885

test risk: 
400.233960
364.354056
277.152193
259.772806
241.450969
227.252591
222.369663
278.440242
201.986604
269.950675
239.312228
276.924440
203.703173
189.043460
225.377554
348.063731
197.021520
192.645922
236.451217
210.482699

train MAE: 
24.022150
15.453843
13.570234
12.239989
11.915642
11.754935
11.623796
11.459832
11.446691
11.315302
11.207668
11.166024
11.077397
11.042515
10.934630
10.895142
10.872507
10.844157
10.780196
10.794797

test MAE: 
17.198423
15.811918
14.115487
12.804844
12.646802
12.301426
11.660292
13.980386
11.418723
13.161016
11.951511
13.081995
11.280281
10.954841
11.690790
14.468847
11.178722
11.309478
11.794053
11.374880

