train risk: 
298.446604
156.288274
128.006684
111.349706
97.684164
84.554636
73.070508
61.505750
49.998192
41.128487
33.225970
27.022393
21.813676
19.399766
16.519260
15.124949
13.818302
12.150823
11.725339
10.261837

test risk: 
352.361470
283.304482
205.854914
128.469559
142.473993
142.484257
109.880710
111.349302
108.778382
167.659343
123.307811
111.275114
106.033806
111.128231
107.598522
117.858109
105.916186
105.897726
115.998685
146.225169

train MAE: 
13.237653
9.857667
8.828552
8.236804
7.693255
7.147206
6.649992
6.104155
5.527109
5.037146
4.534013
4.093940
3.681737
3.465969
3.201558
3.055204
2.919624
2.732900
2.672677
2.500506

test MAE: 
15.347036
13.772085
10.840485
8.771272
9.072071
9.104885
8.016055
7.727538
7.835356
10.083379
8.295853
7.851413
7.609268
7.910738
7.622758
8.382682
7.718591
7.731107
8.022704
9.150757

