train risk: 
873.677545
246.821765
223.545269
210.830466
196.714514
183.268269
170.331133
157.857780
145.056936
133.701787
120.511571
110.248015
100.929697
94.010744
88.548793
83.376435
77.517192
75.843192
72.864078
70.349948

test risk: 
211.561530
231.284795
207.198814
182.144045
174.660622
175.044595
176.678235
167.503345
166.792630
170.308987
173.788923
209.089442
177.156168
184.771496
194.188362
191.186876
176.936787
181.500689
176.539701
187.869612

train MAE: 
23.012473
12.532949
11.902892
11.538134
11.105233
10.710632
10.307629
9.899888
9.486302
9.070013
8.622930
8.232581
7.871708
7.601875
7.356206
7.125420
6.864201
6.780905
6.648249
6.514082

test MAE: 
11.653059
11.953849
11.216803
10.575316
10.420153
10.356507
10.406114
10.128270
10.203400
10.372239
10.337814
11.170429
10.449399
10.596458
10.773383
10.733336
10.424524
10.504460
10.383028
10.620602

