train risk: 
204.540925
81.237053
65.503541
53.855130
44.091987
34.460994
28.143414
23.157562
18.629301
16.557040
14.749448
13.135125
11.496767
9.996389
9.316064
8.609106
8.080544
7.516985
7.093321
6.873844

test risk: 
126.973635
92.841416
118.141756
101.850754
83.814705
90.530486
87.461721
88.584391
82.361082
104.894220
104.549972
81.665306
91.341439
80.583558
79.883576
80.422362
77.990144
80.017700
76.833187
77.014915

train MAE: 
10.061884
6.909672
6.209991
5.644061
5.122975
4.555334
4.129421
3.756300
3.372992
3.186764
3.008041
2.826622
2.637390
2.456667
2.369173
2.267993
2.205437
2.123742
2.059354
2.021616

test MAE: 
8.464305
7.165058
8.078388
7.345480
6.707705
6.929325
6.911820
7.046559
6.720840
7.496987
7.586040
6.620025
6.997873
6.577930
6.497793
6.534033
6.418252
6.545475
6.412934
6.434165

