train risk: 
314.906872
184.302794
157.620420
140.605750
129.394261
120.297021
113.354192
104.719687
100.111958
94.102434
86.752499
83.734494
80.731113
76.268062
71.377638
68.416293
64.568881
63.446141
59.152166
57.959490

test risk: 
197.192537
181.498280
157.300469
144.526103
157.144037
131.256897
122.877248
120.407812
120.005166
121.453018
140.140804
111.763894
112.073478
126.580943
110.875693
118.204741
116.246971
114.788965
115.466087
114.404749

train MAE: 
14.372824
10.753230
9.901517
9.339300
8.942963
8.622005
8.361093
8.020989
7.835391
7.602225
7.282427
7.162888
7.041933
6.844196
6.624792
6.500653
6.312725
6.252370
6.043500
5.984618

test MAE: 
11.084063
10.313439
9.940919
9.241221
9.735793
8.915286
8.455493
8.348812
8.412223
8.230733
9.051478
8.026874
8.073920
8.700646
7.976462
8.274022
8.215162
8.108431
8.047965
8.015841

