train risk: 
1289.363609
241.604635
210.098325
192.489567
179.165770
168.753650
159.412241
152.589390
145.688021
139.398868
133.471604
128.213267
122.191183
118.813074
113.133632
109.116759
103.964650
99.300848
93.738221
90.622062

test risk: 
281.484932
318.396288
543.065616
326.382733
288.081468
242.265547
204.613679
237.909561
217.329894
226.911801
198.956418
206.391766
206.132353
460.510260
163.712506
216.956332
192.264223
157.914947
153.687923
185.357880

train MAE: 
29.252773
12.580907
11.642945
11.090042
10.684826
10.371855
10.056198
9.834039
9.601726
9.408450
9.184770
9.012116
8.800098
8.678135
8.464226
8.306311
8.103887
7.909506
7.688557
7.567024

test MAE: 
13.858169
14.733070
19.439243
14.347659
13.897839
12.821632
11.483690
12.235436
12.077673
12.025148
11.440864
11.684024
11.399953
18.177730
10.053777
11.434369
10.779518
9.734262
9.774302
10.977607

