train risk: 
286.650914
195.397862
151.279109
127.651206
123.040938
113.706445
109.329914
105.338783
95.942536
93.515438
86.681733
85.992258
79.420267
76.581197
73.967511
68.929664
67.261477
63.538191
62.879259
60.015687

test risk: 
244.296748
174.623205
130.675930
129.275628
116.560443
107.126498
158.239674
101.961452
96.232519
118.599652
113.622810
95.681878
91.852158
120.541684
94.493971
97.425630
97.675688
109.344293
108.901655
143.676010

train MAE: 
13.328388
11.008201
9.554374
8.722850
8.554691
8.219807
8.025843
7.892426
7.522334
7.427845
7.137481
7.137528
6.833716
6.720059
6.589404
6.368831
6.300042
6.127117
6.089958
5.960173

test MAE: 
13.322842
9.957576
8.636994
9.081389
8.327759
7.888418
9.323765
7.653587
7.483640
8.675312
8.002354
7.507995
7.331277
8.693324
7.180988
7.335644
7.303842
7.768273
7.726814
9.136614

