train risk: 
697.627577
198.575363
178.457998
170.285206
157.932910
149.602686
140.612741
130.219192
119.751081
108.859784
97.758964
87.614876
78.979750
72.981685
65.523102
60.582517
56.461603
53.674740
51.589563
48.963771

test risk: 
238.881434
165.808371
151.869229
150.758372
144.609964
142.300459
135.586591
135.087293
136.816325
137.055062
134.788438
139.125190
134.291944
136.059806
138.389521
138.914697
138.162623
136.953519
138.189867
138.684944

train MAE: 
21.012263
10.960683
10.396079
10.123528
9.754189
9.453270
9.176673
8.836404
8.459081
8.105259
7.656530
7.236521
6.889520
6.598512
6.262342
6.025381
5.838486
5.665694
5.526646
5.420046

test MAE: 
12.767352
10.309903
9.664080
9.281964
9.331710
9.047431
8.905053
8.956180
8.909955
9.156222
9.021994
9.238490
8.863171
8.918270
9.030516
9.011362
8.954029
9.001822
9.038047
9.087308

