train risk: 
691.366797
235.937064
222.565904
214.541471
206.632110
199.271157
195.598865
193.072698
189.137410
186.098556
184.226307
183.126124
179.702233
179.169724
177.315879
175.589811
175.551560
174.316010
173.015931
171.718267

test risk: 
246.061275
287.590002
254.462590
212.110247
233.310889
198.063501
191.223552
196.401282
196.858503
200.134642
192.151406
183.287347
191.033915
180.431181
183.511704
178.389900
184.918220
179.685328
176.784709
173.501087

train MAE: 
20.527766
12.429793
12.041391
11.774607
11.491432
11.249496
11.106905
11.017694
10.884933
10.797230
10.731289
10.693424
10.602455
10.573717
10.485727
10.455484
10.448167
10.410060
10.354521
10.325481

test MAE: 
12.248031
14.438901
13.282290
11.616265
11.302801
11.023268
10.876756
11.338768
10.638196
11.492202
10.598673
10.656213
10.622846
10.547907
10.286661
10.405161
10.446782
10.393893
10.611323
10.377345

