train risk: 
170.757691
76.230580
60.860596
51.098441
40.044983
32.366034
25.673144
20.280479
17.423107
14.716725
12.763025
11.834904
11.159245
10.126661
8.787042
7.832450
7.458115
7.544541
6.486960
6.164771

test risk: 
96.000041
84.645656
79.855723
72.476934
73.720670
75.674696
68.753249
82.318540
70.887817
69.379026
66.752147
77.209666
66.180654
70.617674
64.955391
66.096960
65.910926
65.950931
66.426629
65.618300

train MAE: 
9.373801
6.584567
5.903322
5.444802
4.851485
4.400010
3.935622
3.520571
3.253975
2.999251
2.781368
2.660599
2.576641
2.446951
2.284063
2.152030
2.099236
2.087032
1.951163
1.898577

test MAE: 
7.484568
6.772987
6.520548
6.342102
6.249247
6.347624
6.086386
6.577050
6.046350
6.126337
5.975011
6.637483
5.937423
6.100743
5.857180
5.975143
5.983824
6.034332
6.007667
5.941417

