train risk: 
1080.884994
214.043108
182.818949
172.119457
160.598230
153.830481
145.362239
139.795963
135.797262
129.960807
126.028800
122.187005
118.915509
115.905242
112.165622
109.795564
106.572231
103.762978
102.281712
98.538717

test risk: 
300.025385
390.836926
219.251648
189.760989
579.814364
220.196521
167.786573
160.918004
201.295958
168.398987
152.386192
144.715278
143.219553
137.274020
126.944055
151.117080
178.050232
261.359591
157.198498
124.604700

train MAE: 
28.162108
11.317629
10.704024
10.349439
9.959390
9.725242
9.440107
9.234229
9.109467
8.890132
8.747394
8.608950
8.479988
8.387687
8.251203
8.152416
8.057787
7.909058
7.861072
7.720001

test MAE: 
12.962898
16.708886
11.813840
11.237968
20.413455
12.205506
10.133156
9.842036
10.923383
10.146596
9.479868
9.382252
9.115172
9.131670
8.638612
9.705448
10.877821
13.508164
9.894559
8.626787

